function [NP, t_tot] = LoadData_weak_scaling_MO()

NP = [4 16 36 64 100];
%t_tot = [392.197	487.6	581.588	485.96	853.265];
%t_tot = [371.138	427.853	503.759	361.184	661.693];
t_tot = [459.61	523.992	498.41	427.369	657.372];

end
