function [NP, t_tot, t_transfer, t_wrap, t_wrap_perc, t_PF, t_PF_perc] = LoadData_strong_scaling_CnR()

% NP = [1 2 4 8 16 32 64 126];
% t_tot = [10791.024 6659.092 3363.25 2163.702 1175.743 900.32 557.89 466.272];
% t_transfer = [9.472 5.903 3.753 2.87 2.471 2.529 2.51 2.707];
% t_wrap = [2648.755 2233.556 1131.521 1005.7 562.097 551.323 355.905 329.483];
% t_wrap_perc = [24.55 33.54 33.64 46.48 47.81 61.24 63.79 70.66]; 
 t_PF = [1563.522 801.229 440.708 221.282 140.224 50.349];
% t_PF_perc = [73.79 64.84 64.44 51.75 49.41 36.25 32.14 24.76];

NP = [4 8 16 32 64 128];
t_tot = [4788.616 2006.981 965.236 453.666 280.575 127.755];

t_transfer = [5.534 4.435 4.517 4.321 5.124 5.493];

t_wrap = [3219.56 1201.317 520.011 228.063 135.227 71.913];

t_wrap_perc = [11.32	12.63	15.25	23.87	22.56	17.67]; 
%t_PF = [9730.137	4833.476	2496.197	1302.8	634.2	386.714	387.071	340.34];
t_PF_perc = [71.54	62.03	54.59	61.36	60.42	21.34];
end