function [NP, t_tot, t_transfer, t_wrap, t_wrap_perc, t_PF, t_PF_perc] = LoadData_weak_scaling_CR()

NP = [4	16	36	64	100];
%t_tot = [882.435	991.6	1069.833	1111.393	1349.515];
t_tot = [1094.378	1131.874	1258.301	1057.853	1310.481];
% t_transfer = [0.515 1.704 3.273 7.953 25.969];
% t_wrap = [213.172 537.709 645.432 1332.11 1734.824];
% t_wrap_perc = [47.76 68.3 65.95 59.65 69.37];
% t_PF = [372.699	436.274	510.437	430.502	646.448];
% t_PF_perc = [49.66 29.63 27.8 16.63 24.41];

%t_tot = [899.814	1029.201	1175.375	1498.745	1492.192];
t_transfer = [1.295	4.514	10.571	22.526	36.382];
t_wrap = [508.441	550.812	548.825	658.365	666.685];
t_wrap_perc = [56.51	53.52	46.69	43.93	44.68];
t_PF = [372.699	436.274	510.437	430.502	646.448];
t_PF_perc = [41.42	42.39	43.43	28.72	36.382];


end
