function [NP, t_tot] = LoadData_strong_scaling_MO()

% NP = [1 2 4 8 16 32 64 128];
% t_tot = [2963.743 1675.243 846.442 438.912 227.206 136.218 77.232 61.881];

%NP = [1 2 4 8 16 32 64 128];
%t_tot = [3520.141	1764.3	897.06	491.672	338.228	221.529	303.943	245.516];

NP = [4 8 16 32 64 128];
t_tot = [1542.195 793.958 432.356 224.179 129.228 45.253];



end
