function [NP, t_tot, t_transfer, t_wrap, t_wrap_perc, t_PF, t_PF_perc] = LoadData_strong_scaling_CR()

% NP = [1 2 4 8 16 36 64 128];
% t_tot = [11178.699 7404.905 3689.322 2655.245 1425.566 898.705 716.206 700.894];
% t_transfer = [9.514 6.011 3.566 2.993 2.475 2.291 2.48 2.6];
% t_wrap = [3261.935 2953.372 1515.623 1452.823 815.597 572.757 488.536 479.714];
% t_wrap_perc = [29.18 39.88 41.08 54.72 57.21 63.73 68.21 68.44];
t_PF = [1553.105 986.732 534.9 271.122 130.691 44.945];
% t_PF_perc = [69.28 58.76 57.3 43.81 40.7 32.17 25.04 18.83];

NP = [4 8 16 32 64 128];
t_tot = [4992.003 2728.591 1258.936 607.06 297.754 134.788];

t_transfer = [5.547 5.277 5.043 4.989 5.164 5.883];
t_wrap = [3433.351 1736.582 718.993 330.949 161.899 83.96];
t_wrap_perc = [15.46	16.25	20.52	22.69	24.09	25.59];
%t_PF = [9354.455	5048.341	2392.607	1361.831	665.792	377.95	514.819	284.127];
t_PF_perc = [73.04	66.52	72.45	59.7	60.77	38.25];

end
