function [NP, t_tot, t_transfer, t_wrap, t_wrap_perc, t_PF, t_PF_perc] = LoadData_weak_scaling_NN()

NP = [4 16 36 64 100];
%t_tot = [513.863	560.628	621.541	621.703	805.135];
t_tot = [624.114	553.265	616.116	578.679	664.231];
% t_transfer = [0.647 1.709 3.673 7.244 20.893];
% t_wrap = [22.771 62.358 163.377 415.6 756.499];
% t_wrap_perc = [8.38 19.41 34.25 51.3 51.03];
% t_PF = [226.698 239.758 287.367 354.068 655.91];
% t_PF_perc = [83.47 74.65 60.24 43.7 44.25];

%t_tot = [530.474	614.606	709.301	663.095	958.503];
t_transfer = [1.313	4.377	10.851	20.527	38.044];
t_wrap = [131.791	115.804	102.117	111.143	141.01];
t_wrap_perc = [24.84	18.84	14.4	16.76	14.71];
t_PF = [380.759	440.447	508.573	490.033	646.448];
t_PF_perc = [71.78	71.66	71.7	73.9	65.32];

end
