function [NP, t_tot, t_transfer, t_wrap, t_wrap_perc, t_PF, t_PF_perc] = LoadData_weak_scaling_CnR()

NP = [4	16	36	64	100];
%t_tot = [817.123	1102.68	988.339	857.899	1322.236];
t_tot = [1006.877	1059.695	1155.947	985.15	1208.431];
% t_transfer = [0.581 1.663 3.469 7.713 25.324];
% t_wrap = [159.524 373.841 499.439 1018.458 1369.225];
% t_wrap_perc = [39.63 59.94 61.72 68.5 66.82];
% t_PF = [379.39	534.036	509.659	353.628	635.873];
% t_PF_perc = [56.5 37.45 34.69 27.73 29.55];

%t_tot = [833.976	1140.711	1062.057	957.158	1529.093];
t_transfer = [1.305	5.151	10.856	20.676	49.975];
t_wrap = [436.428	563.493	467.824	483.595	636.388];
t_wrap_perc = [52.33	49.4	44.05	50.52	41.62];
 t_PF = [379.39	534.036	509.659	353.628	635.873];
t_PF_perc = [45.49	46.82	47.99	36.95	41.58];

end
